word,count
news202504042hi,1
team,1
news20250425kyivhi,1
python,1
privateadhello,1
python2025040422,1
days,1
left,1
